Epochs;Batch Size;Number of Neurons (Hidden Layers);Number of Hidden Layers;Activation;Learning Rate;Optimizer;Starting loss;Final loss;Training accuracy;Testing accuracy
30;32;100;2;sigmoid;0.0001;Adam;68.8048245614035;65.47619047619048
30;32;100;2;sigmoid;0.0001;SGD;8.826754385964913;8.779761904761903
30;32;100;2;sigmoid;0.01;Adam;98.5608552631579;92.26190476190477
30;32;100;2;sigmoid;0.01;SGD;16.365131578947366;17.807539682539684
30;32;100;2;ReLU;0.0001;Adam;97.02576754385966;91.56746031746032
30;32;100;2;ReLU;0.0001;SGD;11.595394736842106;12.003968253968255
30;32;100;2;ReLU;0.01;Adam;98.41008771929825;91.22023809523809
30;32;100;2;ReLU;0.01;SGD;97.36842105263158;90.92261904761905
30;32;100;3;sigmoid;0.0001;Adam;83.18256578947368;77.38095238095238
30;32;100;3;sigmoid;0.0001;SGD;16.365131578947366;17.807539682539684
30;32;100;3;sigmoid;0.01;Adam;97.94407894736842;91.66666666666666
30;32;100;3;sigmoid;0.01;SGD;16.365131578947366;17.807539682539684
30;32;100;3;ReLU;0.0001;Adam;97.72478070175438;91.91468253968253
30;32;100;3;ReLU;0.0001;SGD;13.774671052631579;13.095238095238097
30;32;100;3;ReLU;0.01;Adam;95.5455043859649;88.74007936507937
30;32;100;3;ReLU;0.01;SGD;98.24561403508771;91.46825396825396
30;32;500;2;sigmoid;0.0001;Adam;94.6546052631579;89.33531746031747
30;32;500;2;sigmoid;0.0001;SGD;13.774671052631579;13.095238095238097
30;32;500;2;sigmoid;0.01;Adam;96.83388157894737;91.02182539682539
30;32;500;2;sigmoid;0.01;SGD;30.01644736842105;30.456349206349202
30;32;500;2;ReLU;0.0001;Adam;99.84923245614034;93.70039682539682
30;32;500;2;ReLU;0.0001;SGD;8.84046052631579;7.291666666666667
30;32;500;2;ReLU;0.01;Adam;97.97149122807018;90.87301587301587
30;32;500;2;ReLU;0.01;SGD;98.68421052631578;92.85714285714286
30;32;500;3;sigmoid;0.0001;Adam;85.69078947368422;79.86111111111111
30;32;500;3;sigmoid;0.0001;SGD;16.365131578947366;17.807539682539684
30;32;500;3;sigmoid;0.01;Adam;55.31798245614035;52.182539682539684
30;32;500;3;sigmoid;0.01;SGD;16.365131578947366;17.807539682539684
30;32;500;3;ReLU;0.0001;Adam;99.90405701754386;93.05555555555556
30;32;500;3;ReLU;0.0001;SGD;13.774671052631579;13.095238095238097
30;32;500;3;ReLU;0.01;Adam;97.58771929824562;92.06349206349206
30;32;500;3;ReLU;0.01;SGD;98.93092105263158;91.6170634920635
30;64;100;2;sigmoid;0.0001;Adam;71.16228070175438;66.064453125
30;64;100;2;sigmoid;0.0001;SGD;13.774671052631579;12.890625
30;64;100;2;sigmoid;0.01;Adam;99.3421052631579;91.6015625
30;64;100;2;sigmoid;0.01;SGD;16.365131578947366;17.529296875
30;64;100;2;ReLU;0.0001;Adam;96.49122807017544;89.55078125
30;64;100;2;ReLU;0.0001;SGD;10.964912280701753;9.86328125
30;64;100;2;ReLU;0.01;Adam;99.21875;91.064453125
30;64;100;2;ReLU;0.01;SGD;94.7642543859649;88.232421875
30;64;100;3;sigmoid;0.0001;Adam;35.08771929824561;34.5703125
30;64;100;3;sigmoid;0.0001;SGD;7.428728070175438;8.10546875
30;64;100;3;sigmoid;0.01;Adam;98.99945175438597;91.40625
30;64;100;3;sigmoid;0.01;SGD;16.365131578947366;17.529296875
30;64;100;3;ReLU;0.0001;Adam;96.18969298245614;89.16015625
30;64;100;3;ReLU;0.0001;SGD;16.365131578947366;17.529296875
30;64;100;3;ReLU;0.01;Adam;98.71162280701753;90.234375
30;64;100;3;ReLU;0.01;SGD;94.94243421052632;87.744140625
30;64;500;2;sigmoid;0.0001;Adam;70.35361842105263;66.259765625
30;64;500;2;sigmoid;0.0001;SGD;10.019188596491228;9.66796875
30;64;500;2;sigmoid;0.01;Adam;96.35416666666666;88.818359375
30;64;500;2;sigmoid;0.01;SGD;16.365131578947366;17.529296875
30;64;500;2;ReLU;0.0001;Adam;99.42434210526315;91.259765625
30;64;500;2;ReLU;0.0001;SGD;9.046052631578947;8.30078125
30;64;500;2;ReLU;0.01;Adam;99.39692982456141;92.1875
30;64;500;2;ReLU;0.01;SGD;95.94298245614034;89.111328125
30;64;500;3;sigmoid;0.0001;Adam;76.58991228070175;69.970703125
30;64;500;3;sigmoid;0.0001;SGD;7.620614035087719;7.8125
30;64;500;3;sigmoid;0.01;Adam;16.365131578947366;17.529296875
30;64;500;3;sigmoid;0.01;SGD;16.365131578947366;17.529296875
30;64;500;3;ReLU;0.0001;Adam;99.80811403508771;91.162109375
30;64;500;3;ReLU;0.0001;SGD;9.004934210526317;9.814453125
30;64;500;3;ReLU;0.01;Adam;99.05427631578947;91.40625
30;64;500;3;ReLU;0.01;SGD;96.0389254385965;88.623046875
60;32;100;2;sigmoid;0.0001;Adam;72.13541666666666;67.65873015873017
60;32;100;2;sigmoid;0.0001;SGD;8.826754385964913;8.779761904761903
60;32;100;2;sigmoid;0.01;Adam;99.43804824561403;92.7579365079365
60;32;100;2;sigmoid;0.01;SGD;30.948464912280706;31.795634920634917
60;32;100;2;ReLU;0.0001;Adam;99.42434210526315;92.26190476190477
60;32;100;2;ReLU;0.0001;SGD;21.107456140350877;20.13888888888889
60;32;100;2;ReLU;0.01;Adam;99.57510964912281;93.5515873015873
60;32;100;2;ReLU;0.01;SGD;99.71217105263158;92.46031746031747
60;32;100;3;sigmoid;0.0001;Adam;77.65899122807018;73.95833333333334
60;32;100;3;sigmoid;0.0001;SGD;16.365131578947366;17.807539682539684
60;32;100;3;sigmoid;0.01;Adam;97.8892543859649;91.66666666666666
60;32;100;3;sigmoid;0.01;SGD;16.365131578947366;17.807539682539684
60;32;100;3;ReLU;0.0001;Adam;99.86293859649122;92.65873015873017
60;32;100;3;ReLU;0.0001;SGD;16.365131578947366;17.807539682539684
60;32;100;3;ReLU;0.01;Adam;98.47861842105263;91.76587301587301
60;32;100;3;ReLU;0.01;SGD;99.83552631578947;92.85714285714286
60;32;500;2;sigmoid;0.0001;Adam;97.5328947368421;90.52579365079364
60;32;500;2;sigmoid;0.0001;SGD;16.365131578947366;17.807539682539684
60;32;500;2;sigmoid;0.01;Adam;16.365131578947366;17.807539682539684
60;32;500;2;sigmoid;0.01;SGD;47.162828947368425;46.230158730158735
60;32;500;2;ReLU;0.0001;Adam;99.91776315789474;93.10515873015873
60;32;500;2;ReLU;0.0001;SGD;16.365131578947366;17.807539682539684
60;32;500;2;ReLU;0.01;Adam;96.9983552631579;89.73214285714286
60;32;500;2;ReLU;0.01;SGD;99.80811403508771;92.90674603174604
60;32;500;3;sigmoid;0.0001;Adam;88.81578947368422;81.94444444444444
60;32;500;3;sigmoid;0.0001;SGD;13.774671052631579;13.095238095238097
60;32;500;3;sigmoid;0.01;Adam;16.365131578947366;17.807539682539684
60;32;500;3;sigmoid;0.01;SGD;16.365131578947366;17.807539682539684
60;32;500;3;ReLU;0.0001;Adam;99.89035087719299;92.90674603174604
60;32;500;3;ReLU;0.0001;SGD;13.774671052631579;11.904761904761903
60;32;500;3;ReLU;0.01;Adam;87.00657894736842;81.29960317460318
60;32;500;3;ReLU;0.01;SGD;99.91776315789474;92.06349206349206
60;64;100;2;sigmoid;0.0001;Adam;75.64418859649122;69.189453125
60;64;100;2;sigmoid;0.0001;SGD;8.922697368421053;9.716796875
60;64;100;2;sigmoid;0.01;Adam;98.97203947368422;90.52734375
60;64;100;2;sigmoid;0.01;SGD;16.365131578947366;17.529296875
60;64;100;2;ReLU;0.0001;Adam;98.3826754385965;90.72265625
60;64;100;2;ReLU;0.0001;SGD;30.208333333333332;30.56640625
60;64;100;2;ReLU;0.01;Adam;98.88980263157895;90.673828125
60;64;100;2;ReLU;0.01;SGD;97.76589912280701;89.74609375
60;64;100;3;sigmoid;0.0001;Adam;62.801535087719294;59.521484375
60;64;100;3;sigmoid;0.0001;SGD;10.019188596491228;9.66796875
60;64;100;3;sigmoid;0.01;Adam;99.35581140350878;90.771484375
60;64;100;3;sigmoid;0.01;SGD;16.365131578947366;17.529296875
60;64;100;3;ReLU;0.0001;Adam;99.0953947368421;91.162109375
60;64;100;3;ReLU;0.0001;SGD;8.977521929824562;7.2265625
60;64;100;3;ReLU;0.01;Adam;99.65734649122807;91.40625
60;64;100;3;ReLU;0.01;SGD;97.83442982456141;90.283203125
60;64;500;2;sigmoid;0.0001;Adam;96.27192982456141;88.28125
60;64;500;2;sigmoid;0.0001;SGD;9.100877192982457;8.30078125
60;64;500;2;sigmoid;0.01;Adam;98.3141447368421;90.13671875
60;64;500;2;sigmoid;0.01;SGD;30.112390350877195;30.17578125
60;64;500;2;ReLU;0.0001;Adam;99.90405701754386;91.89453125
60;64;500;2;ReLU;0.0001;SGD;17.050438596491226;17.87109375
60;64;500;2;ReLU;0.01;Adam;98.65679824561403;90.91796875
60;64;500;2;ReLU;0.01;SGD;98.84868421052632;90.625
60;64;500;3;sigmoid;0.0001;Adam;73.32785087719299;66.40625
60;64;500;3;sigmoid;0.0001;SGD;13.774671052631579;12.890625
60;64;500;3;sigmoid;0.01;Adam;16.365131578947366;17.529296875
60;64;500;3;sigmoid;0.01;SGD;16.365131578947366;17.529296875
60;64;500;3;ReLU;0.0001;Adam;99.86293859649122;91.11328125
60;64;500;3;ReLU;0.0001;SGD;13.774671052631579;12.98828125
60;64;500;3;ReLU;0.01;Adam;97.1765350877193;89.306640625
60;64;500;3;ReLU;0.01;SGD;99.25986842105263;90.72265625